200 510
0 1 
0 2 
0 3 
0 4 
0 5 
0 6 
0 8 
0 9 
0 10 
0 13 
0 14 
0 17 
0 20 
0 23 
0 24 
0 25 
0 27 
0 28 
0 29 
0 32 
0 34 
0 38 
0 41 
0 43 
0 44 
0 46 
0 47 
0 48 
0 50 
0 54 
0 56 
0 57 
0 58 
0 59 
0 60 
0 61 
0 64 
0 66 
0 69 
0 70 
0 72 
0 73 
0 76 
0 77 
0 78 
0 79 
0 81 
0 82 
0 84 
0 85 
0 86 
0 87 
0 88 
0 92 
0 93 
0 99 
0 100 
0 102 
0 103 
0 104 
0 107 
0 108 
0 109 
0 110 
0 112 
0 113 
0 117 
0 119 
0 120 
0 121 
0 123 
0 125 
0 126 
0 130 
0 131 
0 133 
0 134 
0 137 
0 139 
0 140 
0 141 
0 144 
0 146 
0 147 
0 148 
0 157 
0 158 
0 163 
0 164 
0 170 
0 173 
0 174 
0 176 
0 177 
0 178 
0 182 
0 183 
0 184 
0 190 
0 191 
0 192 
0 196 
0 198 
1 2 
1 3 
1 4 
1 6 
1 7 
1 8 
1 10 
1 12 
1 14 
1 17 
1 24 
1 26 
1 27 
1 30 
1 35 
1 36 
1 37 
1 38 
1 39 
1 40 
1 41 
1 49 
1 51 
1 53 
1 55 
1 62 
1 71 
1 76 
1 90 
1 91 
1 98 
1 102 
1 105 
1 111 
1 116 
1 122 
1 124 
1 127 
1 128 
1 129 
1 132 
1 149 
1 150 
1 153 
1 156 
1 160 
1 161 
1 162 
1 165 
1 166 
1 167 
1 168 
1 171 
1 172 
1 175 
1 176 
1 180 
1 181 
1 187 
2 3 
2 4 
2 5 
2 7 
2 9 
2 11 
2 15 
2 16 
2 17 
2 18 
2 19 
2 21 
2 22 
2 30 
2 31 
2 33 
2 37 
2 42 
2 45 
2 52 
2 58 
2 62 
2 63 
2 65 
2 67 
2 68 
2 74 
2 75 
2 80 
2 83 
2 89 
2 93 
2 94 
2 95 
2 96 
2 97 
2 98 
2 101 
2 105 
2 106 
2 114 
2 115 
2 118 
2 128 
2 135 
2 136 
2 138 
2 142 
2 143 
2 145 
2 151 
2 152 
2 153 
2 154 
2 155 
2 159 
2 165 
2 167 
2 169 
2 172 
2 179 
2 180 
2 185 
2 186 
2 188 
2 189 
2 193 
2 194 
2 195 
2 197 
2 199 
3 5 
3 6 
3 9 
3 15 
3 16 
3 19 
3 21 
3 23 
3 25 
3 31 
3 33 
3 35 
3 42 
3 50 
3 63 
3 75 
3 98 
3 104 
3 129 
3 135 
3 140 
3 148 
3 156 
3 179 
3 197 
4 30 
4 49 
4 53 
4 58 
4 94 
4 111 
4 125 
4 149 
5 15 
5 23 
5 29 
5 31 
5 50 
5 54 
5 72 
5 83 
5 93 
5 104 
5 115 
5 118 
5 145 
5 154 
5 191 
6 8 
6 129 
6 160 
7 11 
7 101 
7 167 
8 10 
8 12 
8 26 
8 36 
8 40 
8 100 
8 166 
9 13 
9 33 
9 34 
9 44 
10 26 
10 36 
10 40 
10 77 
10 116 
10 123 
11 18 
11 65 
11 67 
11 68 
11 74 
11 96 
11 193 
13 34 
14 38 
14 39 
14 92 
14 99 
14 171 
14 196 
15 16 
15 42 
15 83 
16 45 
16 138 
17 20 
17 24 
17 27 
17 46 
17 61 
17 73 
17 76 
17 158 
17 165 
17 168 
17 172 
18 65 
18 68 
18 106 
18 185 
19 21 
19 22 
20 43 
20 46 
20 158 
21 22 
21 169 
23 28 
23 48 
23 56 
23 69 
23 85 
23 108 
23 131 
24 73 
24 87 
24 102 
24 110 
25 32 
25 163 
26 91 
27 41 
27 146 
27 168 
28 82 
28 113 
28 117 
28 121 
30 62 
30 105 
30 122 
30 186 
31 63 
31 75 
31 135 
32 70 
32 78 
32 109 
32 126 
32 183 
33 89 
33 95 
33 114 
33 179 
34 44 
34 47 
34 59 
34 64 
34 66 
34 86 
34 112 
34 144 
34 190 
35 187 
37 80 
37 97 
37 195 
38 124 
38 171 
39 90 
40 116 
40 166 
41 127 
41 132 
41 146 
41 150 
41 176 
42 52 
44 59 
44 66 
44 119 
44 134 
47 64 
47 86 
47 112 
47 133 
48 56 
48 57 
48 69 
48 85 
48 108 
49 51 
49 53 
49 55 
49 161 
50 120 
50 148 
51 71 
51 161 
51 162 
53 55 
53 149 
54 72 
56 79 
58 125 
59 60 
59 84 
59 88 
59 144 
59 157 
60 84 
61 81 
61 137 
62 128 
63 152 
63 159 
63 197 
68 74 
68 155 
68 193 
69 131 
73 87 
73 110 
74 96 
74 151 
74 155 
76 107 
76 173 
77 103 
77 123 
78 126 
80 97 
80 143 
81 137 
82 121 
83 145 
86 139 
88 147 
89 95 
92 99 
92 196 
93 115 
93 118 
93 130 
93 142 
93 191 
96 151 
96 199 
97 136 
97 195 
98 153 
98 189 
103 178 
104 170 
105 122 
105 186 
106 185 
107 177 
113 117 
117 164 
118 142 
124 181 
125 141 
126 183 
128 180 
129 156 
129 160 
132 150 
132 175 
144 157 
144 182 
145 154 
145 188 
151 199 
152 159 
157 182 
157 198 
170 174 
170 184 
182 198 
191 192 
193 194 
