10
100 253
0 1 
0 2 
0 3 
0 4 
0 5 
0 6 
0 8 
0 9 
0 10 
0 13 
0 14 
0 17 
0 20 
0 23 
0 24 
0 25 
0 27 
0 28 
0 29 
0 32 
0 34 
0 38 
0 41 
0 43 
0 44 
0 46 
0 47 
0 48 
0 50 
0 54 
0 56 
0 57 
0 58 
0 59 
0 60 
0 61 
0 64 
0 66 
0 69 
0 70 
0 72 
0 73 
0 76 
0 77 
0 78 
0 79 
0 81 
0 82 
0 84 
0 85 
0 86 
0 87 
0 88 
0 92 
0 93 
0 99 
1 2 
1 3 
1 4 
1 6 
1 7 
1 8 
1 10 
1 12 
1 14 
1 17 
1 24 
1 26 
1 27 
1 30 
1 35 
1 36 
1 37 
1 38 
1 39 
1 40 
1 41 
1 49 
1 51 
1 53 
1 55 
1 62 
1 71 
1 76 
1 90 
1 91 
1 98 
2 3 
2 4 
2 5 
2 7 
2 9 
2 11 
2 15 
2 16 
2 17 
2 18 
2 19 
2 21 
2 22 
2 30 
2 31 
2 33 
2 37 
2 42 
2 45 
2 52 
2 58 
2 62 
2 63 
2 65 
2 67 
2 68 
2 74 
2 75 
2 80 
2 83 
2 89 
2 93 
2 94 
2 95 
2 96 
2 97 
2 98 
3 5 
3 6 
3 9 
3 15 
3 16 
3 19 
3 21 
3 23 
3 25 
3 31 
3 33 
3 35 
3 42 
3 50 
3 63 
3 75 
3 98 
4 30 
4 49 
4 53 
4 58 
4 94 
5 15 
5 23 
5 29 
5 31 
5 50 
5 54 
5 72 
5 83 
5 93 
6 8 
7 11 
8 10 
8 12 
8 26 
8 36 
8 40 
9 13 
9 33 
9 34 
9 44 
10 26 
10 36 
10 40 
10 77 
11 18 
11 65 
11 67 
11 68 
11 74 
11 96 
13 34 
14 38 
14 39 
14 92 
14 99 
15 16 
15 42 
15 83 
16 45 
17 20 
17 24 
17 27 
17 46 
17 61 
17 73 
17 76 
18 65 
18 68 
19 21 
19 22 
20 43 
20 46 
21 22 
23 28 
23 48 
23 56 
23 69 
23 85 
24 73 
24 87 
25 32 
26 91 
27 41 
28 82 
30 62 
31 63 
31 75 
32 70 
32 78 
33 89 
33 95 
34 44 
34 47 
34 59 
34 64 
34 66 
34 86 
37 80 
37 97 
39 90 
42 52 
44 59 
44 66 
47 64 
47 86 
48 56 
48 57 
48 69 
48 85 
49 51 
49 53 
49 55 
51 71 
53 55 
54 72 
56 79 
59 60 
59 84 
59 88 
60 84 
61 81 
68 74 
73 87 
74 96 
80 97 
89 95 
92 99 
100 253
0 1 
0 2 
0 3 
0 4 
0 5 
0 6 
0 8 
0 9 
0 10 
0 13 
0 14 
0 17 
0 20 
0 23 
0 24 
0 25 
0 27 
0 28 
0 29 
0 32 
0 34 
0 38 
0 41 
0 43 
0 44 
0 46 
0 47 
0 48 
0 50 
0 54 
0 56 
0 57 
0 58 
0 59 
0 60 
0 61 
0 64 
0 66 
0 69 
0 70 
0 72 
0 73 
0 76 
0 77 
0 78 
0 79 
0 81 
0 82 
0 84 
0 85 
0 86 
0 87 
0 88 
0 92 
0 93 
0 99 
1 2 
1 3 
1 4 
1 6 
1 7 
1 8 
1 10 
1 12 
1 14 
1 17 
1 24 
1 26 
1 27 
1 30 
1 35 
1 36 
1 37 
1 38 
1 39 
1 40 
1 41 
1 49 
1 51 
1 53 
1 55 
1 62 
1 71 
1 76 
1 90 
1 91 
1 98 
2 3 
2 4 
2 5 
2 7 
2 9 
2 11 
2 15 
2 16 
2 17 
2 18 
2 19 
2 21 
2 22 
2 30 
2 31 
2 33 
2 37 
2 42 
2 45 
2 52 
2 58 
2 62 
2 63 
2 65 
2 67 
2 68 
2 74 
2 75 
2 80 
2 83 
2 89 
2 93 
2 94 
2 95 
2 96 
2 97 
2 98 
3 5 
3 6 
3 9 
3 15 
3 16 
3 19 
3 21 
3 23 
3 25 
3 31 
3 33 
3 35 
3 42 
3 50 
3 63 
3 75 
3 98 
4 30 
4 49 
4 53 
4 58 
4 94 
5 15 
5 23 
5 29 
5 31 
5 50 
5 54 
5 72 
5 83 
5 93 
6 8 
7 11 
8 10 
8 12 
8 26 
8 36 
8 40 
9 13 
9 33 
9 34 
9 44 
10 26 
10 36 
10 40 
10 77 
11 18 
11 65 
11 67 
11 68 
11 74 
11 96 
13 34 
14 38 
14 39 
14 92 
14 99 
15 16 
15 42 
15 83 
16 45 
17 20 
17 24 
17 27 
17 46 
17 61 
17 73 
17 76 
18 65 
18 68 
19 21 
19 22 
20 43 
20 46 
21 22 
23 28 
23 48 
23 56 
23 69 
23 85 
24 73 
24 87 
25 32 
26 91 
27 41 
28 82 
30 62 
31 63 
31 75 
32 70 
32 78 
33 89 
33 95 
34 44 
34 47 
34 59 
34 64 
34 66 
34 86 
37 80 
37 97 
39 90 
42 52 
44 59 
44 66 
47 64 
47 86 
48 56 
48 57 
48 69 
48 85 
49 51 
49 53 
49 55 
51 71 
53 55 
54 72 
56 79 
59 60 
59 84 
59 88 
60 84 
61 81 
68 74 
73 87 
74 96 
80 97 
89 95 
92 99 
100 253
0 1 
0 2 
0 3 
0 4 
0 5 
0 6 
0 8 
0 9 
0 10 
0 13 
0 14 
0 17 
0 20 
0 23 
0 24 
0 25 
0 27 
0 28 
0 29 
0 32 
0 34 
0 38 
0 41 
0 43 
0 44 
0 46 
0 47 
0 48 
0 50 
0 54 
0 56 
0 57 
0 58 
0 59 
0 60 
0 61 
0 64 
0 66 
0 69 
0 70 
0 72 
0 73 
0 76 
0 77 
0 78 
0 79 
0 81 
0 82 
0 84 
0 85 
0 86 
0 87 
0 88 
0 92 
0 93 
0 99 
1 2 
1 3 
1 4 
1 6 
1 7 
1 8 
1 10 
1 12 
1 14 
1 17 
1 24 
1 26 
1 27 
1 30 
1 35 
1 36 
1 37 
1 38 
1 39 
1 40 
1 41 
1 49 
1 51 
1 53 
1 55 
1 62 
1 71 
1 76 
1 90 
1 91 
1 98 
2 3 
2 4 
2 5 
2 7 
2 9 
2 11 
2 15 
2 16 
2 17 
2 18 
2 19 
2 21 
2 22 
2 30 
2 31 
2 33 
2 37 
2 42 
2 45 
2 52 
2 58 
2 62 
2 63 
2 65 
2 67 
2 68 
2 74 
2 75 
2 80 
2 83 
2 89 
2 93 
2 94 
2 95 
2 96 
2 97 
2 98 
3 5 
3 6 
3 9 
3 15 
3 16 
3 19 
3 21 
3 23 
3 25 
3 31 
3 33 
3 35 
3 42 
3 50 
3 63 
3 75 
3 98 
4 30 
4 49 
4 53 
4 58 
4 94 
5 15 
5 23 
5 29 
5 31 
5 50 
5 54 
5 72 
5 83 
5 93 
6 8 
7 11 
8 10 
8 12 
8 26 
8 36 
8 40 
9 13 
9 33 
9 34 
9 44 
10 26 
10 36 
10 40 
10 77 
11 18 
11 65 
11 67 
11 68 
11 74 
11 96 
13 34 
14 38 
14 39 
14 92 
14 99 
15 16 
15 42 
15 83 
16 45 
17 20 
17 24 
17 27 
17 46 
17 61 
17 73 
17 76 
18 65 
18 68 
19 21 
19 22 
20 43 
20 46 
21 22 
23 28 
23 48 
23 56 
23 69 
23 85 
24 73 
24 87 
25 32 
26 91 
27 41 
28 82 
30 62 
31 63 
31 75 
32 70 
32 78 
33 89 
33 95 
34 44 
34 47 
34 59 
34 64 
34 66 
34 86 
37 80 
37 97 
39 90 
42 52 
44 59 
44 66 
47 64 
47 86 
48 56 
48 57 
48 69 
48 85 
49 51 
49 53 
49 55 
51 71 
53 55 
54 72 
56 79 
59 60 
59 84 
59 88 
60 84 
61 81 
68 74 
73 87 
74 96 
80 97 
89 95 
92 99 
100 253
0 1 
0 2 
0 3 
0 4 
0 5 
0 6 
0 8 
0 9 
0 10 
0 13 
0 14 
0 17 
0 20 
0 23 
0 24 
0 25 
0 27 
0 28 
0 29 
0 32 
0 34 
0 38 
0 41 
0 43 
0 44 
0 46 
0 47 
0 48 
0 50 
0 54 
0 56 
0 57 
0 58 
0 59 
0 60 
0 61 
0 64 
0 66 
0 69 
0 70 
0 72 
0 73 
0 76 
0 77 
0 78 
0 79 
0 81 
0 82 
0 84 
0 85 
0 86 
0 87 
0 88 
0 92 
0 93 
0 99 
1 2 
1 3 
1 4 
1 6 
1 7 
1 8 
1 10 
1 12 
1 14 
1 17 
1 24 
1 26 
1 27 
1 30 
1 35 
1 36 
1 37 
1 38 
1 39 
1 40 
1 41 
1 49 
1 51 
1 53 
1 55 
1 62 
1 71 
1 76 
1 90 
1 91 
1 98 
2 3 
2 4 
2 5 
2 7 
2 9 
2 11 
2 15 
2 16 
2 17 
2 18 
2 19 
2 21 
2 22 
2 30 
2 31 
2 33 
2 37 
2 42 
2 45 
2 52 
2 58 
2 62 
2 63 
2 65 
2 67 
2 68 
2 74 
2 75 
2 80 
2 83 
2 89 
2 93 
2 94 
2 95 
2 96 
2 97 
2 98 
3 5 
3 6 
3 9 
3 15 
3 16 
3 19 
3 21 
3 23 
3 25 
3 31 
3 33 
3 35 
3 42 
3 50 
3 63 
3 75 
3 98 
4 30 
4 49 
4 53 
4 58 
4 94 
5 15 
5 23 
5 29 
5 31 
5 50 
5 54 
5 72 
5 83 
5 93 
6 8 
7 11 
8 10 
8 12 
8 26 
8 36 
8 40 
9 13 
9 33 
9 34 
9 44 
10 26 
10 36 
10 40 
10 77 
11 18 
11 65 
11 67 
11 68 
11 74 
11 96 
13 34 
14 38 
14 39 
14 92 
14 99 
15 16 
15 42 
15 83 
16 45 
17 20 
17 24 
17 27 
17 46 
17 61 
17 73 
17 76 
18 65 
18 68 
19 21 
19 22 
20 43 
20 46 
21 22 
23 28 
23 48 
23 56 
23 69 
23 85 
24 73 
24 87 
25 32 
26 91 
27 41 
28 82 
30 62 
31 63 
31 75 
32 70 
32 78 
33 89 
33 95 
34 44 
34 47 
34 59 
34 64 
34 66 
34 86 
37 80 
37 97 
39 90 
42 52 
44 59 
44 66 
47 64 
47 86 
48 56 
48 57 
48 69 
48 85 
49 51 
49 53 
49 55 
51 71 
53 55 
54 72 
56 79 
59 60 
59 84 
59 88 
60 84 
61 81 
68 74 
73 87 
74 96 
80 97 
89 95 
92 99 
100 253
0 1 
0 2 
0 3 
0 4 
0 5 
0 6 
0 8 
0 9 
0 10 
0 13 
0 14 
0 17 
0 20 
0 23 
0 24 
0 25 
0 27 
0 28 
0 29 
0 32 
0 34 
0 38 
0 41 
0 43 
0 44 
0 46 
0 47 
0 48 
0 50 
0 54 
0 56 
0 57 
0 58 
0 59 
0 60 
0 61 
0 64 
0 66 
0 69 
0 70 
0 72 
0 73 
0 76 
0 77 
0 78 
0 79 
0 81 
0 82 
0 84 
0 85 
0 86 
0 87 
0 88 
0 92 
0 93 
0 99 
1 2 
1 3 
1 4 
1 6 
1 7 
1 8 
1 10 
1 12 
1 14 
1 17 
1 24 
1 26 
1 27 
1 30 
1 35 
1 36 
1 37 
1 38 
1 39 
1 40 
1 41 
1 49 
1 51 
1 53 
1 55 
1 62 
1 71 
1 76 
1 90 
1 91 
1 98 
2 3 
2 4 
2 5 
2 7 
2 9 
2 11 
2 15 
2 16 
2 17 
2 18 
2 19 
2 21 
2 22 
2 30 
2 31 
2 33 
2 37 
2 42 
2 45 
2 52 
2 58 
2 62 
2 63 
2 65 
2 67 
2 68 
2 74 
2 75 
2 80 
2 83 
2 89 
2 93 
2 94 
2 95 
2 96 
2 97 
2 98 
3 5 
3 6 
3 9 
3 15 
3 16 
3 19 
3 21 
3 23 
3 25 
3 31 
3 33 
3 35 
3 42 
3 50 
3 63 
3 75 
3 98 
4 30 
4 49 
4 53 
4 58 
4 94 
5 15 
5 23 
5 29 
5 31 
5 50 
5 54 
5 72 
5 83 
5 93 
6 8 
7 11 
8 10 
8 12 
8 26 
8 36 
8 40 
9 13 
9 33 
9 34 
9 44 
10 26 
10 36 
10 40 
10 77 
11 18 
11 65 
11 67 
11 68 
11 74 
11 96 
13 34 
14 38 
14 39 
14 92 
14 99 
15 16 
15 42 
15 83 
16 45 
17 20 
17 24 
17 27 
17 46 
17 61 
17 73 
17 76 
18 65 
18 68 
19 21 
19 22 
20 43 
20 46 
21 22 
23 28 
23 48 
23 56 
23 69 
23 85 
24 73 
24 87 
25 32 
26 91 
27 41 
28 82 
30 62 
31 63 
31 75 
32 70 
32 78 
33 89 
33 95 
34 44 
34 47 
34 59 
34 64 
34 66 
34 86 
37 80 
37 97 
39 90 
42 52 
44 59 
44 66 
47 64 
47 86 
48 56 
48 57 
48 69 
48 85 
49 51 
49 53 
49 55 
51 71 
53 55 
54 72 
56 79 
59 60 
59 84 
59 88 
60 84 
61 81 
68 74 
73 87 
74 96 
80 97 
89 95 
92 99 
100 253
0 1 
0 2 
0 3 
0 4 
0 5 
0 6 
0 8 
0 9 
0 10 
0 13 
0 14 
0 17 
0 20 
0 23 
0 24 
0 25 
0 27 
0 28 
0 29 
0 32 
0 34 
0 38 
0 41 
0 43 
0 44 
0 46 
0 47 
0 48 
0 50 
0 54 
0 56 
0 57 
0 58 
0 59 
0 60 
0 61 
0 64 
0 66 
0 69 
0 70 
0 72 
0 73 
0 76 
0 77 
0 78 
0 79 
0 81 
0 82 
0 84 
0 85 
0 86 
0 87 
0 88 
0 92 
0 93 
0 99 
1 2 
1 3 
1 4 
1 6 
1 7 
1 8 
1 10 
1 12 
1 14 
1 17 
1 24 
1 26 
1 27 
1 30 
1 35 
1 36 
1 37 
1 38 
1 39 
1 40 
1 41 
1 49 
1 51 
1 53 
1 55 
1 62 
1 71 
1 76 
1 90 
1 91 
1 98 
2 3 
2 4 
2 5 
2 7 
2 9 
2 11 
2 15 
2 16 
2 17 
2 18 
2 19 
2 21 
2 22 
2 30 
2 31 
2 33 
2 37 
2 42 
2 45 
2 52 
2 58 
2 62 
2 63 
2 65 
2 67 
2 68 
2 74 
2 75 
2 80 
2 83 
2 89 
2 93 
2 94 
2 95 
2 96 
2 97 
2 98 
3 5 
3 6 
3 9 
3 15 
3 16 
3 19 
3 21 
3 23 
3 25 
3 31 
3 33 
3 35 
3 42 
3 50 
3 63 
3 75 
3 98 
4 30 
4 49 
4 53 
4 58 
4 94 
5 15 
5 23 
5 29 
5 31 
5 50 
5 54 
5 72 
5 83 
5 93 
6 8 
7 11 
8 10 
8 12 
8 26 
8 36 
8 40 
9 13 
9 33 
9 34 
9 44 
10 26 
10 36 
10 40 
10 77 
11 18 
11 65 
11 67 
11 68 
11 74 
11 96 
13 34 
14 38 
14 39 
14 92 
14 99 
15 16 
15 42 
15 83 
16 45 
17 20 
17 24 
17 27 
17 46 
17 61 
17 73 
17 76 
18 65 
18 68 
19 21 
19 22 
20 43 
20 46 
21 22 
23 28 
23 48 
23 56 
23 69 
23 85 
24 73 
24 87 
25 32 
26 91 
27 41 
28 82 
30 62 
31 63 
31 75 
32 70 
32 78 
33 89 
33 95 
34 44 
34 47 
34 59 
34 64 
34 66 
34 86 
37 80 
37 97 
39 90 
42 52 
44 59 
44 66 
47 64 
47 86 
48 56 
48 57 
48 69 
48 85 
49 51 
49 53 
49 55 
51 71 
53 55 
54 72 
56 79 
59 60 
59 84 
59 88 
60 84 
61 81 
68 74 
73 87 
74 96 
80 97 
89 95 
92 99 
100 253
0 1 
0 2 
0 3 
0 4 
0 5 
0 6 
0 8 
0 9 
0 10 
0 13 
0 14 
0 17 
0 20 
0 23 
0 24 
0 25 
0 27 
0 28 
0 29 
0 32 
0 34 
0 38 
0 41 
0 43 
0 44 
0 46 
0 47 
0 48 
0 50 
0 54 
0 56 
0 57 
0 58 
0 59 
0 60 
0 61 
0 64 
0 66 
0 69 
0 70 
0 72 
0 73 
0 76 
0 77 
0 78 
0 79 
0 81 
0 82 
0 84 
0 85 
0 86 
0 87 
0 88 
0 92 
0 93 
0 99 
1 2 
1 3 
1 4 
1 6 
1 7 
1 8 
1 10 
1 12 
1 14 
1 17 
1 24 
1 26 
1 27 
1 30 
1 35 
1 36 
1 37 
1 38 
1 39 
1 40 
1 41 
1 49 
1 51 
1 53 
1 55 
1 62 
1 71 
1 76 
1 90 
1 91 
1 98 
2 3 
2 4 
2 5 
2 7 
2 9 
2 11 
2 15 
2 16 
2 17 
2 18 
2 19 
2 21 
2 22 
2 30 
2 31 
2 33 
2 37 
2 42 
2 45 
2 52 
2 58 
2 62 
2 63 
2 65 
2 67 
2 68 
2 74 
2 75 
2 80 
2 83 
2 89 
2 93 
2 94 
2 95 
2 96 
2 97 
2 98 
3 5 
3 6 
3 9 
3 15 
3 16 
3 19 
3 21 
3 23 
3 25 
3 31 
3 33 
3 35 
3 42 
3 50 
3 63 
3 75 
3 98 
4 30 
4 49 
4 53 
4 58 
4 94 
5 15 
5 23 
5 29 
5 31 
5 50 
5 54 
5 72 
5 83 
5 93 
6 8 
7 11 
8 10 
8 12 
8 26 
8 36 
8 40 
9 13 
9 33 
9 34 
9 44 
10 26 
10 36 
10 40 
10 77 
11 18 
11 65 
11 67 
11 68 
11 74 
11 96 
13 34 
14 38 
14 39 
14 92 
14 99 
15 16 
15 42 
15 83 
16 45 
17 20 
17 24 
17 27 
17 46 
17 61 
17 73 
17 76 
18 65 
18 68 
19 21 
19 22 
20 43 
20 46 
21 22 
23 28 
23 48 
23 56 
23 69 
23 85 
24 73 
24 87 
25 32 
26 91 
27 41 
28 82 
30 62 
31 63 
31 75 
32 70 
32 78 
33 89 
33 95 
34 44 
34 47 
34 59 
34 64 
34 66 
34 86 
37 80 
37 97 
39 90 
42 52 
44 59 
44 66 
47 64 
47 86 
48 56 
48 57 
48 69 
48 85 
49 51 
49 53 
49 55 
51 71 
53 55 
54 72 
56 79 
59 60 
59 84 
59 88 
60 84 
61 81 
68 74 
73 87 
74 96 
80 97 
89 95 
92 99 
100 253
0 1 
0 2 
0 3 
0 4 
0 5 
0 6 
0 8 
0 9 
0 10 
0 13 
0 14 
0 17 
0 20 
0 23 
0 24 
0 25 
0 27 
0 28 
0 29 
0 32 
0 34 
0 38 
0 41 
0 43 
0 44 
0 46 
0 47 
0 48 
0 50 
0 54 
0 56 
0 57 
0 58 
0 59 
0 60 
0 61 
0 64 
0 66 
0 69 
0 70 
0 72 
0 73 
0 76 
0 77 
0 78 
0 79 
0 81 
0 82 
0 84 
0 85 
0 86 
0 87 
0 88 
0 92 
0 93 
0 99 
1 2 
1 3 
1 4 
1 6 
1 7 
1 8 
1 10 
1 12 
1 14 
1 17 
1 24 
1 26 
1 27 
1 30 
1 35 
1 36 
1 37 
1 38 
1 39 
1 40 
1 41 
1 49 
1 51 
1 53 
1 55 
1 62 
1 71 
1 76 
1 90 
1 91 
1 98 
2 3 
2 4 
2 5 
2 7 
2 9 
2 11 
2 15 
2 16 
2 17 
2 18 
2 19 
2 21 
2 22 
2 30 
2 31 
2 33 
2 37 
2 42 
2 45 
2 52 
2 58 
2 62 
2 63 
2 65 
2 67 
2 68 
2 74 
2 75 
2 80 
2 83 
2 89 
2 93 
2 94 
2 95 
2 96 
2 97 
2 98 
3 5 
3 6 
3 9 
3 15 
3 16 
3 19 
3 21 
3 23 
3 25 
3 31 
3 33 
3 35 
3 42 
3 50 
3 63 
3 75 
3 98 
4 30 
4 49 
4 53 
4 58 
4 94 
5 15 
5 23 
5 29 
5 31 
5 50 
5 54 
5 72 
5 83 
5 93 
6 8 
7 11 
8 10 
8 12 
8 26 
8 36 
8 40 
9 13 
9 33 
9 34 
9 44 
10 26 
10 36 
10 40 
10 77 
11 18 
11 65 
11 67 
11 68 
11 74 
11 96 
13 34 
14 38 
14 39 
14 92 
14 99 
15 16 
15 42 
15 83 
16 45 
17 20 
17 24 
17 27 
17 46 
17 61 
17 73 
17 76 
18 65 
18 68 
19 21 
19 22 
20 43 
20 46 
21 22 
23 28 
23 48 
23 56 
23 69 
23 85 
24 73 
24 87 
25 32 
26 91 
27 41 
28 82 
30 62 
31 63 
31 75 
32 70 
32 78 
33 89 
33 95 
34 44 
34 47 
34 59 
34 64 
34 66 
34 86 
37 80 
37 97 
39 90 
42 52 
44 59 
44 66 
47 64 
47 86 
48 56 
48 57 
48 69 
48 85 
49 51 
49 53 
49 55 
51 71 
53 55 
54 72 
56 79 
59 60 
59 84 
59 88 
60 84 
61 81 
68 74 
73 87 
74 96 
80 97 
89 95 
92 99 
100 253
0 1 
0 2 
0 3 
0 4 
0 5 
0 6 
0 8 
0 9 
0 10 
0 13 
0 14 
0 17 
0 20 
0 23 
0 24 
0 25 
0 27 
0 28 
0 29 
0 32 
0 34 
0 38 
0 41 
0 43 
0 44 
0 46 
0 47 
0 48 
0 50 
0 54 
0 56 
0 57 
0 58 
0 59 
0 60 
0 61 
0 64 
0 66 
0 69 
0 70 
0 72 
0 73 
0 76 
0 77 
0 78 
0 79 
0 81 
0 82 
0 84 
0 85 
0 86 
0 87 
0 88 
0 92 
0 93 
0 99 
1 2 
1 3 
1 4 
1 6 
1 7 
1 8 
1 10 
1 12 
1 14 
1 17 
1 24 
1 26 
1 27 
1 30 
1 35 
1 36 
1 37 
1 38 
1 39 
1 40 
1 41 
1 49 
1 51 
1 53 
1 55 
1 62 
1 71 
1 76 
1 90 
1 91 
1 98 
2 3 
2 4 
2 5 
2 7 
2 9 
2 11 
2 15 
2 16 
2 17 
2 18 
2 19 
2 21 
2 22 
2 30 
2 31 
2 33 
2 37 
2 42 
2 45 
2 52 
2 58 
2 62 
2 63 
2 65 
2 67 
2 68 
2 74 
2 75 
2 80 
2 83 
2 89 
2 93 
2 94 
2 95 
2 96 
2 97 
2 98 
3 5 
3 6 
3 9 
3 15 
3 16 
3 19 
3 21 
3 23 
3 25 
3 31 
3 33 
3 35 
3 42 
3 50 
3 63 
3 75 
3 98 
4 30 
4 49 
4 53 
4 58 
4 94 
5 15 
5 23 
5 29 
5 31 
5 50 
5 54 
5 72 
5 83 
5 93 
6 8 
7 11 
8 10 
8 12 
8 26 
8 36 
8 40 
9 13 
9 33 
9 34 
9 44 
10 26 
10 36 
10 40 
10 77 
11 18 
11 65 
11 67 
11 68 
11 74 
11 96 
13 34 
14 38 
14 39 
14 92 
14 99 
15 16 
15 42 
15 83 
16 45 
17 20 
17 24 
17 27 
17 46 
17 61 
17 73 
17 76 
18 65 
18 68 
19 21 
19 22 
20 43 
20 46 
21 22 
23 28 
23 48 
23 56 
23 69 
23 85 
24 73 
24 87 
25 32 
26 91 
27 41 
28 82 
30 62 
31 63 
31 75 
32 70 
32 78 
33 89 
33 95 
34 44 
34 47 
34 59 
34 64 
34 66 
34 86 
37 80 
37 97 
39 90 
42 52 
44 59 
44 66 
47 64 
47 86 
48 56 
48 57 
48 69 
48 85 
49 51 
49 53 
49 55 
51 71 
53 55 
54 72 
56 79 
59 60 
59 84 
59 88 
60 84 
61 81 
68 74 
73 87 
74 96 
80 97 
89 95 
92 99 
100 253
0 1 
0 2 
0 3 
0 4 
0 5 
0 6 
0 8 
0 9 
0 10 
0 13 
0 14 
0 17 
0 20 
0 23 
0 24 
0 25 
0 27 
0 28 
0 29 
0 32 
0 34 
0 38 
0 41 
0 43 
0 44 
0 46 
0 47 
0 48 
0 50 
0 54 
0 56 
0 57 
0 58 
0 59 
0 60 
0 61 
0 64 
0 66 
0 69 
0 70 
0 72 
0 73 
0 76 
0 77 
0 78 
0 79 
0 81 
0 82 
0 84 
0 85 
0 86 
0 87 
0 88 
0 92 
0 93 
0 99 
1 2 
1 3 
1 4 
1 6 
1 7 
1 8 
1 10 
1 12 
1 14 
1 17 
1 24 
1 26 
1 27 
1 30 
1 35 
1 36 
1 37 
1 38 
1 39 
1 40 
1 41 
1 49 
1 51 
1 53 
1 55 
1 62 
1 71 
1 76 
1 90 
1 91 
1 98 
2 3 
2 4 
2 5 
2 7 
2 9 
2 11 
2 15 
2 16 
2 17 
2 18 
2 19 
2 21 
2 22 
2 30 
2 31 
2 33 
2 37 
2 42 
2 45 
2 52 
2 58 
2 62 
2 63 
2 65 
2 67 
2 68 
2 74 
2 75 
2 80 
2 83 
2 89 
2 93 
2 94 
2 95 
2 96 
2 97 
2 98 
3 5 
3 6 
3 9 
3 15 
3 16 
3 19 
3 21 
3 23 
3 25 
3 31 
3 33 
3 35 
3 42 
3 50 
3 63 
3 75 
3 98 
4 30 
4 49 
4 53 
4 58 
4 94 
5 15 
5 23 
5 29 
5 31 
5 50 
5 54 
5 72 
5 83 
5 93 
6 8 
7 11 
8 10 
8 12 
8 26 
8 36 
8 40 
9 13 
9 33 
9 34 
9 44 
10 26 
10 36 
10 40 
10 77 
11 18 
11 65 
11 67 
11 68 
11 74 
11 96 
13 34 
14 38 
14 39 
14 92 
14 99 
15 16 
15 42 
15 83 
16 45 
17 20 
17 24 
17 27 
17 46 
17 61 
17 73 
17 76 
18 65 
18 68 
19 21 
19 22 
20 43 
20 46 
21 22 
23 28 
23 48 
23 56 
23 69 
23 85 
24 73 
24 87 
25 32 
26 91 
27 41 
28 82 
30 62 
31 63 
31 75 
32 70 
32 78 
33 89 
33 95 
34 44 
34 47 
34 59 
34 64 
34 66 
34 86 
37 80 
37 97 
39 90 
42 52 
44 59 
44 66 
47 64 
47 86 
48 56 
48 57 
48 69 
48 85 
49 51 
49 53 
49 55 
51 71 
53 55 
54 72 
56 79 
59 60 
59 84 
59 88 
60 84 
61 81 
68 74 
73 87 
74 96 
80 97 
89 95 
92 99 
