10
10 23
0 1 
0 2 
0 3 
0 4 
0 5 
0 6 
0 8 
0 9 
1 2 
1 3 
1 4 
1 6 
1 7 
1 8 
2 3 
2 4 
2 5 
2 7 
2 9 
3 5 
3 6 
3 9 
6 8 
10 23
0 1 
0 2 
0 3 
0 4 
0 5 
0 6 
0 8 
0 9 
1 2 
1 3 
1 4 
1 6 
1 7 
1 8 
2 3 
2 4 
2 5 
2 7 
2 9 
3 5 
3 6 
3 9 
6 8 
10 23
0 1 
0 2 
0 3 
0 4 
0 5 
0 6 
0 8 
0 9 
1 2 
1 3 
1 4 
1 6 
1 7 
1 8 
2 3 
2 4 
2 5 
2 7 
2 9 
3 5 
3 6 
3 9 
6 8 
10 23
0 1 
0 2 
0 3 
0 4 
0 5 
0 6 
0 8 
0 9 
1 2 
1 3 
1 4 
1 6 
1 7 
1 8 
2 3 
2 4 
2 5 
2 7 
2 9 
3 5 
3 6 
3 9 
6 8 
10 23
0 1 
0 2 
0 3 
0 4 
0 5 
0 6 
0 8 
0 9 
1 2 
1 3 
1 4 
1 6 
1 7 
1 8 
2 3 
2 4 
2 5 
2 7 
2 9 
3 5 
3 6 
3 9 
6 8 
10 23
0 1 
0 2 
0 3 
0 4 
0 5 
0 6 
0 8 
0 9 
1 2 
1 3 
1 4 
1 6 
1 7 
1 8 
2 3 
2 4 
2 5 
2 7 
2 9 
3 5 
3 6 
3 9 
6 8 
10 23
0 1 
0 2 
0 3 
0 4 
0 5 
0 6 
0 8 
0 9 
1 2 
1 3 
1 4 
1 6 
1 7 
1 8 
2 3 
2 4 
2 5 
2 7 
2 9 
3 5 
3 6 
3 9 
6 8 
10 23
0 1 
0 2 
0 3 
0 4 
0 5 
0 6 
0 8 
0 9 
1 2 
1 3 
1 4 
1 6 
1 7 
1 8 
2 3 
2 4 
2 5 
2 7 
2 9 
3 5 
3 6 
3 9 
6 8 
10 23
0 1 
0 2 
0 3 
0 4 
0 5 
0 6 
0 8 
0 9 
1 2 
1 3 
1 4 
1 6 
1 7 
1 8 
2 3 
2 4 
2 5 
2 7 
2 9 
3 5 
3 6 
3 9 
6 8 
10 23
0 1 
0 2 
0 3 
0 4 
0 5 
0 6 
0 8 
0 9 
1 2 
1 3 
1 4 
1 6 
1 7 
1 8 
2 3 
2 4 
2 5 
2 7 
2 9 
3 5 
3 6 
3 9 
6 8 
